396.9618558883667 Test loss (%)
71.78347706794739 Test accuracy (%)

68.5082209080134 Kappa accuracy (%)
71.7834780852353 Overall accuracy (%)
66.07991577855624 Average accuracy (%)

              precision    recall  f1-score   support

           1       0.81      0.82      0.82       723
           2       0.52      0.71      0.60       231
           3       0.72      0.82      0.77       243
           4       0.66      0.36      0.46       239
           5       0.67      0.98      0.80       153
           6       0.47      0.64      0.54       218
           7       0.63      0.22      0.33       100
           8       0.77      0.69      0.73       409
           9       0.82      0.58      0.68       494
          10       0.57      0.51      0.54       384
          11       0.73      0.63      0.68       398
          12       0.61      0.63      0.62       478
          13       0.85      1.00      0.92       881

    accuracy                           0.72      4951
   macro avg       0.68      0.66      0.65      4951
weighted avg       0.72      0.72      0.71      4951

[[595   4  22   9  38  34   0   2  11   0   8   0   0]
 [  2 163   7   2   0   1   8   2  10  10   0  22   4]
 [  2  11 200   1   0  10   0  15   1   0   2   1   0]
 [ 27   5   2  85  15  20   0   7  14  14  11  35   4]
 [  0   0   0   1 150   0   0   0   0   0   0   1   1]
 [  2   5   0   8   0 139   0   1  17   3  43   0   0]
 [  6  31  18   0   0   0  22   4   3   0   1   0  15]
 [  0  22  26   0   0   0   5 283   8  11   2   1  51]
 [ 89  13   1   9   0  55   0  37 288   0   2   0   0]
 [  0  12   0   2  19   7   0   4   0 194   9 108  29]
 [ 11  35   1   8   0  31   0   5   1  30 252  24   0]
 [  0  14   0   3   2   0   0   7   0  79  16 302  55]
 [  0   0   0   0   0   0   0   0   0   0   0   0 881]]